%% sample data

output = [
    0.00
0.00
0.00
0.00
-6.53
-6.53
-6.53
-105.10
-105.10
-105.10
-206.16
-206.16
-206.16
-272.86
-272.86
-272.86
-320.69
-320.69
-320.69
-321.99
-321.99
-321.99
-345.62
-345.62
-345.62
-357.75
-357.75
-357.75
-357.75
-357.75
-357.75
-363.81
-363.81
-363.81
-383.57
-383.57
-383.57
-363.81
-363.81
-363.81
-357.12
-357.12
-357.12
-383.57
-383.57
-383.57
-357.12
-357.12
-357.12
-369.87
-369.87
-369.87
-383.57
-383.57
-383.57
-369.87
-369.87
-369.87
-369.87
-369.87
-369.87
-369.87
-369.87
-369.87
-369.87
-369.87
-369.87
-369.87
-369.87
-369.87
-369.87
-369.87
-369.87
-369.87
-369.87
-369.87
-369.87
-369.87
-369.87
-369.87
-369.87
-369.87
-357.12
-357.12
-357.12
-383.57
-383.57
-383.57
-369.87
-369.87
-369.87
-369.87
-369.87
-369.87
-383.57
-383.57
-383.57
-357.12
-357.12
-357.12
-369.87
-369.87
-369.87
-369.87
-369.87
-369.87
-369.87
-369.87
-369.87
-369.87
-369.87
-369.87
-383.57
-383.57
-383.57
-369.87
-369.87
-369.87
-357.12
-357.12
-357.12
-383.57
-383.57
-383.57
-357.12
-357.12
-357.12
-369.87
-369.87
-369.87
-383.57
-383.57
-383.57
-357.12
-357.12
-357.12
-369.87
-369.87
-369.87
-369.87
-369.87
-369.87
-369.87
-369.87
-369.87
-369.87
-369.87
-369.87
-383.57
-383.57
-383.57
-363.81
-363.81
-363.81
-357.12
-357.12
-357.12
-383.57
-383.57
-383.57
-357.12
-357.12
-357.12
-369.87
-369.87
-369.87
-383.57
-383.57
-383.57
-369.87
-369.87
-369.87
-369.87
-369.87
-369.87
-369.87
-369.87
-369.87
-369.87
-369.87
-369.87
-351.26
-351.26
-351.26
-383.57
-383.57
-383.57
-369.87
-369.87
-369.87
-369.87
-369.87
-369.87
-369.87
-369.87
-369.87
-351.26
-351.26
-351.26
-383.57
-383.57
-383.57
-369.87
-369.87
-369.87
-369.87
-369.87
-369.87
-383.57
-383.57
-383.57
-351.26
-351.26
-351.26
-369.87
-369.87
-369.87
-369.87
-369.87
-369.87
-369.87
-369.87
-369.87
-363.81
-363.81
-363.81
-383.57
-383.57
-383.57
-369.87
-369.87
-369.87
-351.26
-351.26
-351.26
-383.57
-383.57
-383.57
-357.12
-357.12
-357.12
-363.81
-363.81
-363.81
-383.57
-383.57
-383.57
-369.87
-369.87
-369.87
-363.81
-363.81
-363.81
-369.87
-369.87
-369.87
-363.81
-363.81
-363.81
-351.26
-351.26
-351.26
-377.28
-377.28
-377.28
-369.87
-369.87
-369.87
-345.41
-345.41
-345.41
-377.28
-377.28
-377.28
-357.12
-357.12
-357.12
-363.81
-363.81
-363.81
-377.28
-377.28
-377.28
-363.81
-363.81
-363.81
-363.81
-363.81
-363.81
-363.81
-363.81
-363.81
-369.87
-369.87
-369.87
-351.26
-351.26
-351.26
-377.28
-377.28
-377.28
-363.81
-363.81
-363.81
-377.28
-377.28
-377.28
-363.81
-363.81
-363.81
-351.26
-351.26
-351.26
-377.28
-377.28
-377.28
-357.12
-357.12
-357.12
-363.81
-363.81
-363.81
-377.28
-377.28
-377.28
-351.26
-351.26
-351.26
-357.75
-357.75
-357.75
-363.81
-363.81
-363.81
-363.81
-363.81
-363.81
-363.81
-363.81
-363.81
-377.28
-377.28
-377.28
-363.81
-363.81
-363.81
-351.26
-351.26
-351.26
-377.28
-377.28
-377.28
-351.26
-351.26
-351.26
-363.81
-363.81
-363.81
-377.28
-377.28
-377.28
-363.81
-363.81
-363.81
-369.87
-369.87
-369.87
-363.81
-363.81
-363.81
-363.81
-363.81
-363.81
-351.26
-351.26
-351.26
-377.28
-377.28
-377.28
-363.81
-363.81
-363.81
-363.81
-363.81
-363.81
-377.28
-377.28
-377.28
-345.41
-345.41
-345.41
-369.87
-369.87
-369.87
-363.81
-363.81
-363.81
-363.81
-363.81
-363.81
-363.81
-363.81
-363.81
-363.81
-363.81
-363.81
-369.87
-369.87
-369.87
-351.26
-351.26
-351.26
-377.28
-377.28
-377.28
-369.87
-369.87
-369.87
-377.28
-377.28
-377.28
-363.81
-363.81
-363.81
-357.12
-357.12
-357.12
-377.28
-377.28
-377.28
-351.26
-351.26
-351.26
-369.87
-369.87
-369.87
-377.28
-377.28
-377.28
-363.81
-363.81
-363.81
-363.81
-363.81
-363.81
-363.81
-363.81
-363.81
-363.81
-363.81
-363.81
-345.41
-345.41
-345.41
-377.28
-377.28
-377.28
-357.75
-357.75
-357.75
-351.26
-351.26
-351.26
-371.00
-371.00
-371.00
-351.26
-351.26
-351.26
-357.75
-357.75
-357.75
-371.00
-371.00
-371.00
-363.81
-363.81
-363.81
-357.75
-357.75
-357.75
-363.81
-363.81
-363.81
-357.75
-357.75
-357.75
-351.26
-351.26
-351.26
-371.00
-371.00
-371.00
-357.75
-357.75
-357.75
-363.81
-363.81
-363.81
-371.00
-371.00
-371.00
-351.26
-351.26
-351.26
-357.75
-357.75
-357.75
-363.81
-363.81
-363.81
-357.75
-357.75
-357.75
-363.81
-363.81
-363.81
-357.75
-357.75
-357.75
-357.75
-357.75
-357.75
-351.26
-351.26
-351.26
-371.00
-371.00
-371.00
-363.81
-363.81
-363.81
-371.00
-371.00
-371.00
-363.81
-363.81
-363.81
-351.26
-351.26
-351.26
-377.28
-377.28
-377.28
-351.26
-351.26
-351.26
-363.81
-363.81
-363.81
-377.28
-377.28
-377.28
-363.81
-363.81
-363.81
-363.81
-363.81
-363.81
-363.81
-363.81
-363.81
-363.81
-363.81
-363.81
-351.26
-351.26
-351.26
-377.28
-377.28
-377.28
-363.81
-363.81
-363.81
-351.26
-351.26
-351.26
-377.28
-377.28
-377.28
-351.26
-351.26
-351.26
-369.87
-369.87
-369.87
-363.81
-363.81
-363.81
-363.81
-363.81
-363.81
-363.81
-363.81
-363.81
-363.81
-363.81
-363.81
-363.81
-363.81
-363.81
-351.26
-351.26
-351.26
-377.28
-377.28
-377.28
-363.81
-363.81
-363.81
-363.81
-363.81
-363.81
-377.28
-377.28
-377.28
-351.26
-351.26
-351.26
-363.81
-363.81
-363.81
-363.81
-363.81
-363.81
-363.81
-363.81
-363.81
-363.81
-363.81
-363.81
-371.00
-371.00
-371.00
-363.81
-363.81
-363.81
-351.26
-351.26
-351.26
-377.28
-377.28
-377.28
-345.41
-345.41
-345.41
-363.81
-363.81
-363.81
-371.00
-371.00
-371.00
-351.26
-351.26
-351.26
-371.00
-371.00
-371.00
-351.26
-351.26
-351.26
-363.81
-363.81
-363.81
-377.28
-377.28
-377.28
-357.75
-357.75
-357.75
-363.81
-363.81
-363.81
-363.81
-363.81
-363.81
-363.81
-363.81
-363.81
-345.41
-345.41
-345.41
-377.28
-377.28
-377.28
-363.81
-363.81
-363.81
-363.81
-363.81
-363.81
-377.28
-377.28
-377.28
-351.26
-351.26
-351.26
-363.81
-363.81
-363.81
-363.81
-363.81
-363.81
-363.81
-363.81
-363.81
-363.81
-363.81
-363.81
-363.81
-363.81
-363.81
-363.81
-363.81
-363.81
-351.26
-351.26
-351.26
-377.28
-377.28
-377.28
-363.81
-363.81
-363.81
-363.81
-363.81
-363.81
-377.28
-377.28
-377.28
-351.26
-351.26
-351.26
-363.81
-363.81
-363.81
-363.81
-363.81
-363.81
-363.81
-363.81
-363.81
-363.81
-363.81
-363.81
-377.28
-377.28
-377.28
-363.81
-363.81
-363.81
-351.26
-351.26
-351.26
-371.00
-371.00
-371.00
-351.26
-351.26
-351.26
-363.81
-363.81
-363.81
-377.28
-377.28
-377.28
-363.81
-363.81
-363.81
-377.28
-377.28
-377.28
-351.26
-351.26
-351.26
-363.81
-363.81
-363.81
-377.28
-377.28
-377.28
-363.81
-363.81
-363.81
-363.81
-363.81
-363.81
-357.75
-357.75
-357.75
-363.81
-363.81
-363.81
-351.26
-351.26
-351.26
-377.28
-377.28
-377.28
-363.81
-363.81
-363.81
-357.75
-357.75
-357.75
-371.00
-371.00
-371.00
-351.26
-351.26
-351.26
-357.75
-357.75
-357.75
-357.75
-357.75
-357.75
-357.75
-357.75
-357.75
-357.75
-357.75
-357.75
-371.00
-371.00
-371.00
-357.75
-357.75
-357.75
-345.41
-345.41
-345.41
-371.00
-371.00
-371.00
-345.41
-345.41
-345.41
-357.75
-357.75
-357.75
-371.00
-371.00
-371.00
-345.41
-345.41
-345.41
-351.68
-351.68
-351.68
-357.75
-357.75
-357.75
-357.75
-357.75
-357.75
-357.75
-357.75
-357.75
-371.00
-371.00
-371.00
-357.75
-357.75
-357.75
-345.41
-345.41
-345.41
-377.28
-377.28
-377.28
-345.41
-345.41
-345.41
-357.75
-357.75
-357.75
-377.28
-377.28
-377.28
-363.81
-363.81
-363.81
-371.00
-371.00
-371.00
-351.26
-351.26
-351.26
-363.81
-363.81
-363.81
-357.75
-357.75
-357.75
-363.81
-363.81
-363.81
-363.81
-363.81
-363.81
-363.81
-363.81
-363.81
-357.75
-357.75
-357.75
-351.26
-351.26
-351.26
-377.28
-377.28
-377.28
-363.81
-363.81
-363.81
-357.75
-357.75
-357.75
-377.28
-377.28
-377.28
-351.26
-351.26
-351.26
-363.81
-363.81
-363.81
-357.75
-357.75
-357.75
-363.81
-363.81
-363.81
-357.75
-357.75
-357.75
-371.00
-371.00
-371.00
-363.81
-363.81
-363.81
-345.41
-345.41
-345.41
-377.28
-377.28
-377.28
-351.26
-351.26
-351.26
-357.75
-357.75
-357.75
-371.00
-371.00
-371.00
-351.26
-351.26
-351.26
-363.81
-363.81
-363.81
-357.75
-357.75
-357.75
-363.81
-363.81
-363.81
-357.75
-357.75
-357.75
-377.28
-377.28
-377.28
-357.75
-357.75
-357.75
-351.26
-351.26
-351.26
-371.00
-371.00
-371.00
-351.26
-351.26
-351.26
-363.81
-363.81
-363.81
-371.00
-371.00
-371.00
-363.81
-363.81
-363.81
-377.28
